vec4 queryNetwork(vec3 p){
    vec4 PE_0 = vec4(p.x,p.y,p.z,sin(1.00*p.x));
    vec4 PE_1 = vec4(sin(1.00*p.y),sin(1.00*p.z),cos(1.00*p.x),cos(1.00*p.y));
    vec4 PE_2 = vec4(cos(1.00*p.z),sin(2.00*p.x),sin(2.00*p.y),sin(2.00*p.z));
    vec4 PE_3 = vec4(cos(2.00*p.x),cos(2.00*p.y),cos(2.00*p.z),sin(4.00*p.x));
    vec4 PE_4 = vec4(sin(4.00*p.y),sin(4.00*p.z),cos(4.00*p.x),cos(4.00*p.y));
    vec4 PE_5 = vec4(cos(4.00*p.z),sin(8.00*p.x),sin(8.00*p.y),sin(8.00*p.z));
    vec4 PE_6 = vec4(cos(8.00*p.x),cos(8.00*p.y),cos(8.00*p.z),sin(16.00*p.x));
    vec4 PE_7 = vec4(sin(16.00*p.y),sin(16.00*p.z),cos(16.00*p.x),cos(16.00*p.y));
    vec4 PE_8 = vec4(cos(16.00*p.z),sin(32.00*p.x),sin(32.00*p.y),sin(32.00*p.z));
    vec4 PE_9 = vec4(cos(32.00*p.x),cos(32.00*p.y),cos(32.00*p.z),0.0);
    
    vec4 f0_0 = relu(
    mat4(-.18,-.44,-.16,-.00,.18,-.84,.21,-.02,-.04,.69,-.09,-.40,-.22,-.27,-.06,.05) * PE_0 +
    mat4(-.03,-.59,.32,.29,-.23,.60,-.25,-.23,-.57,-.17,-.50,.39,-.37,-.24,-.38,.45) * PE_1 +
    mat4(-.22,-.10,-.18,.45,-.20,-.13,-.19,.18,-.01,-.34,.43,.48,.00,.59,-.32,-.34) * PE_2 +
    mat4(-.36,-.17,-.76,.50,-.27,-.26,-.25,.66,-.25,-.30,-.43,.58,-.06,.31,-.45,-.01) * PE_3 +
    mat4(-.43,.82,.68,.14,-.19,.26,-.37,-.28,-.82,.31,-.56,.16,.68,.42,.48,-.18) * PE_4 +
    mat4(.30,.55,-.08,-.24,.13,-.24,.27,-.01,-.33,.92,.40,-.51,1.04,.02,-.20,-.21) * PE_5 +
    mat4(-.31,.26,-.56,-.59,-.23,-.34,.44,.06,-.04,-.04,-.38,-.25,1.12,.03,-.88,.04) * PE_6 +
    mat4(-.77,.11,.56,.06,-.06,.49,-.15,-.15,-.56,-.05,-.41,.14,.06,.09,-.01,-.61) * PE_7 +
    mat4(.44,.49,-.08,.08,-.42,-.08,-.10,.01,-.19,-.03,.09,.17,-.40,-.11,-.24,-.28) * PE_8 +
    mat4(-.03,.03,-.54,-.09,-.05,-.17,.11,-.19,-.45,.73,-.21,-.02,.00,.00,.00,.00) * PE_9 + vec4(-.22,.05,-.21,.37));
    vec4 f0_1 = relu(
    mat4(.55,-.24,-.23,.28,-.54,.07,-.10,.20,.52,.29,-.64,.49,.38,-.07,-.27,.26) * PE_0 +
    mat4(-.56,.18,.08,-.10,.60,.11,-.39,.38,-.16,-.28,-.35,-.49,.16,-.14,-.37,-.30) * PE_1 +
    mat4(-.11,-.23,-.17,-.20,-.05,.08,.03,.01,-.43,.56,.04,-.11,.40,-.04,-.46,.22) * PE_2 +
    mat4(-.07,-.88,-.56,-1.15,.21,-.63,-.84,-.19,-.42,.02,-.55,-.38,-.45,.24,.45,.00) * PE_3 +
    mat4(-.13,.08,-.11,.09,.34,.09,-.81,1.02,.80,-1.52,-1.18,-1.64,.49,-1.04,-.88,.09) * PE_4 +
    mat4(-.16,.98,.13,-.24,.19,-.16,.05,-.16,.25,-.09,-.13,-.97,-.33,-.21,-.01,.21) * PE_5 +
    mat4(-.37,.52,-.43,.85,-1.00,.62,1.41,-.02,.26,-.47,.22,-.12,-.06,.05,-.25,.14) * PE_6 +
    mat4(.26,-.43,-.20,-.10,-.01,-.21,.62,.56,.02,-.06,.72,-.01,-.05,-.42,-.41,.28) * PE_7 +
    mat4(-.15,-.46,-.55,-.19,.00,.04,-.10,-.01,-.07,.05,-.53,.62,-.17,-.26,-.02,.17) * PE_8 +
    mat4(-.05,-.04,-.07,-.12,-.28,.15,.01,-.34,-.08,-.05,-.07,.12,.00,.00,.00,.00) * PE_9 + vec4(-.08,.04,.18,-.06));
    vec4 f0_2 = relu(
    mat4(.57,.38,-.35,.43,.83,-.61,.78,.15,-.47,-.66,-.65,.39,.35,.15,-.29,.34) * PE_0 +
    mat4(.54,-.13,.65,-.00,-.51,-.58,-.40,.34,-.59,-.22,-.32,-.10,-.79,-.10,-.15,-.09) * PE_1 +
    mat4(-.38,-.24,-.25,-.14,.38,-.07,-.53,.06,.49,-.20,.20,-.35,-.65,-.62,-.23,.17) * PE_2 +
    mat4(-.28,.20,-.66,-.75,-.67,-.06,-.06,-.02,-.03,-.15,-.48,-.16,.42,-.45,-.46,.02) * PE_3 +
    mat4(.10,-.04,.13,-.33,-.32,.35,.11,-.96,.65,1.60,.45,-1.64,.30,.87,1.00,.41) * PE_4 +
    mat4(-.23,-.20,.26,.45,-.03,.19,-.64,.16,.19,-.33,.41,.40,.71,.46,.77,.41) * PE_5 +
    mat4(.05,-.52,.51,.36,.90,.19,-.20,.58,.39,-.70,-.50,.44,-.91,.13,.76,-.76) * PE_6 +
    mat4(.44,-.42,-.14,.41,-.33,-.09,.18,.30,-.50,.01,.49,1.34,-.43,-.37,-.12,.31) * PE_7 +
    mat4(.32,-.19,-.32,.05,-.37,-.15,-.03,.51,.04,.28,-.29,.04,-.05,-.32,-.48,-.01) * PE_8 +
    mat4(.06,.00,-.15,-.16,.17,-.07,-.00,.08,.29,.18,-.04,-.03,.00,.00,.00,.00) * PE_9 + vec4(-.58,-.12,-.01,-.13));
    vec4 f0_3 = relu(
    mat4(-.72,.25,.31,-1.05,.10,-.22,.18,.36,-.08,-.24,-.13,-.48,.20,.32,.38,-.14) * PE_0 +
    mat4(.10,-.15,.46,-.05,.04,.07,-.36,-.44,-.64,-.38,-.41,-.26,-.43,-.32,-.33,-.31) * PE_1 +
    mat4(-.51,-.56,-.33,-.46,.44,.06,.60,.11,-.14,-.13,.67,-.03,.37,.35,-.54,-.25) * PE_2 +
    mat4(-.50,-.54,-.24,-.09,.03,-.27,-.07,-.26,-.15,-.61,-.15,-.65,.66,-.76,.42,.10) * PE_3 +
    mat4(-.01,-.05,.78,.04,.24,.78,-.37,-.57,.59,-.46,.32,1.22,1.02,-.15,.67,.34) * PE_4 +
    mat4(.09,-.24,.52,-.32,.95,-.78,.67,.05,.46,.59,.78,.44,.07,-.09,-.54,-.71) * PE_5 +
    mat4(.14,-.70,.57,.22,-.28,.61,.50,1.00,.05,-1.07,-.06,.35,.50,-1.01,-.63,-.09) * PE_6 +
    mat4(-.01,-.28,-.59,.35,.06,-.33,-.57,.73,-.30,.75,-.27,-.10,-.16,.85,.15,.59) * PE_7 +
    mat4(.07,-.11,-.18,-.18,-.15,-.68,-.26,-.02,.02,.39,-.46,.38,-.09,.16,-.45,.07) * PE_8 +
    mat4(-1.09,-.31,.05,-.00,-.03,.15,-.01,-.01,-.14,.01,-.03,-.86,.00,.00,.00,.00) * PE_9 + vec4(-.18,-.36,-.27,.10));
    vec4 f0_4 = relu(
    mat4(.51,-.03,-.90,-.14,-.21,-.05,-.56,.50,-.28,-.43,.19,-.00,.49,-.14,-.58,.09) * PE_0 +
    mat4(.18,.25,-.46,.21,.02,-.65,.45,.21,-.29,-.27,-.41,-.53,-.28,-.38,-.40,-.59) * PE_1 +
    mat4(-.31,-.32,-.29,-.33,.43,-.18,-.33,.04,.09,.20,-.09,-.01,.11,-.51,.64,-.22) * PE_2 +
    mat4(-.21,-.10,-.37,-.27,-.47,-1.06,-.43,-.29,-.29,-.13,-.38,-.23,.45,-.03,-.34,.10) * PE_3 +
    mat4(.42,.38,-.23,-.42,-.08,.04,.20,-.25,-.11,1.32,-.36,-.83,.19,-.63,-.01,.63) * PE_4 +
    mat4(.11,1.04,-.05,-.08,-.06,.23,-.27,.28,.15,-.75,-.60,.43,.40,-.06,-.31,.04) * PE_5 +
    mat4(.08,-.71,.14,-.90,.09,.70,-.41,-.05,.06,.07,-.21,.45,-1.56,-.11,-.04,-.19) * PE_6 +
    mat4(.93,-.38,.76,-.80,-.02,-.58,.12,-.63,-.33,.24,-.05,.92,.44,-.27,.13,-.15) * PE_7 +
    mat4(.12,.02,-.23,.41,-.12,.04,-.05,.70,-.72,.20,-.21,-.26,-.06,.06,.13,-.17) * PE_8 +
    mat4(.28,-.10,.62,-.21,.23,.12,-.45,-.09,-.13,-.17,-.09,-.02,.00,.00,.00,.00) * PE_9 + vec4(-.25,-.20,-.24,-.25));
    vec4 f0_5 = relu(
    mat4(.08,.51,-.04,.44,-.76,.35,-.23,.34,.52,.10,-.20,-.71,-.05,.16,-.21,.23) * PE_0 +
    mat4(-.54,.50,.32,.40,.39,-.11,-.21,-.65,-.12,-.08,-.19,-.40,-.21,-.17,-.50,-.49) * PE_1 +
    mat4(.01,-.31,-.26,-.38,-.13,.27,-.09,.02,-.24,.47,.56,.50,.61,-.20,-.49,-.69) * PE_2 +
    mat4(-.62,-.21,.01,-.55,-.52,-.56,-.05,-.51,-.42,-1.12,-.13,-.69,.34,-.35,-.78,-.96) * PE_3 +
    mat4(.10,.28,.72,.88,-.08,-.49,-.72,-.39,-.61,-.08,.76,-.29,-.59,-.12,.82,-.06) * PE_4 +
    mat4(.57,.19,.23,-.24,-.48,.12,-.00,-.12,-.03,.57,.74,.40,.17,-.19,-.36,.30) * PE_5 +
    mat4(.72,-.54,-.00,.47,-.01,.17,-.12,-.29,1.17,-1.01,-.21,-.09,.31,-.35,.29,.76) * PE_6 +
    mat4(.78,-.28,-.17,-.52,-.28,-.87,-.59,.17,-.17,.36,-.34,-.29,-.06,-.05,-.13,-.09) * PE_7 +
    mat4(-.01,.03,.08,.47,-.61,-.54,.31,.23,.10,-.14,-.20,.10,.08,-.02,-.60,.04) * PE_8 +
    mat4(-.05,.49,.52,.42,.30,-.01,.08,.16,.01,.06,.09,-.02,.00,.00,.00,.00) * PE_9 + vec4(-.15,-.04,-.51,-.16));
    vec4 f0_6 = relu(
    mat4(-.31,.27,-.12,-.06,-.63,-.81,.17,.40,.05,.84,.75,.77,.08,.11,.13,-.01) * PE_0 +
    mat4(-.08,-.65,-.09,.63,.07,.73,.79,.55,-.30,-.13,-.25,-.18,-.41,.03,-.42,-.15) * PE_1 +
    mat4(-.53,-.31,-.38,-.29,.02,.11,.12,.29,-.07,-.48,.01,.35,-.10,.51,.73,.23) * PE_2 +
    mat4(-.06,-.26,-.48,-1.01,-.25,-.02,-.28,-.60,-1.65,-1.54,-.86,-.80,.13,-.42,.07,.13) * PE_3 +
    mat4(-.12,.28,.14,.28,-.86,-.84,-.12,-.39,.07,-.51,-.68,-2.03,.62,-.45,.20,-.56) * PE_4 +
    mat4(-.86,-.07,.36,.63,.47,.23,.20,.01,.15,.19,1.25,-.05,.40,.18,.60,-.26) * PE_5 +
    mat4(-1.74,-.36,-.72,.22,.56,-.65,-.26,.06,-.57,-.53,-.53,-.54,.01,.08,-.25,.28) * PE_6 +
    mat4(-.34,1.04,.17,.16,-1.05,.02,.74,-.03,-.03,.23,.63,-.48,.02,.43,.43,-.11) * PE_7 +
    mat4(-.51,-.09,-.95,-.38,.16,-.07,-.05,-.09,.12,-.15,.09,-.15,-.20,-.25,.27,.10) * PE_8 +
    mat4(-.11,.01,.14,.15,.24,.02,.03,-.22,-.04,.02,.35,-.03,.00,.00,.00,.00) * PE_9 + vec4(-.23,-.03,-.34,-.06));
    vec4 f0_7 = relu(
    mat4(-.31,-.02,.70,.07,.44,.70,.16,-.41,-.67,.05,-.11,-.51,-.02,-.15,.76,.30) * PE_0 +
    mat4(.28,.56,.11,-.30,-.58,-.10,-.23,-.26,-.52,.07,-.25,-.22,-.25,-.47,-.37,-.11) * PE_1 +
    mat4(-.31,-.04,-.39,-.53,.12,-.02,.53,.36,.62,.23,-.01,-.11,-.39,-.33,.03,-.14) * PE_2 +
    mat4(-.66,.10,-.53,-.21,-.37,-1.02,-.39,.02,-.30,.33,-.76,-1.49,.87,.16,.14,.39) * PE_3 +
    mat4(.71,-.36,-.38,-.23,-.04,.54,.64,.44,-.01,.39,-.43,.16,.89,-.76,.35,1.17) * PE_4 +
    mat4(-.64,1.08,.01,-.82,.33,-.10,.11,.03,.86,.09,-.02,.29,1.19,-.05,1.01,.12) * PE_5 +
    mat4(1.39,.08,1.70,-.24,.04,.13,.22,-.62,.03,.05,.44,-1.01,-.37,.04,-.60,-.84) * PE_6 +
    mat4(-.16,-.54,-.02,.38,.02,-.06,.53,.01,-.53,-.13,-.29,.89,-.02,.17,-.14,.73) * PE_7 +
    mat4(.45,.21,-.12,-.09,-.02,-.01,.38,-.40,-.12,.19,-.64,-.49,.02,-.05,-.18,-.06) * PE_8 +
    mat4(-.61,-.09,-.35,-.08,-.24,.62,-.69,.53,.04,-.04,.09,-.10,.00,.00,.00,.00) * PE_9 + vec4(-.36,-.05,-.13,-.32));
    vec4 f0_8 = relu(
    mat4(.07,-.05,-.03,.14,-.27,-.43,.23,-.09,-.20,.48,-.11,-.68,.08,.17,.22,-.22) * PE_0 +
    mat4(-.23,-.63,.20,-.06,-.08,.44,-.16,-.27,.04,-.11,-.04,-.41,-.16,.09,-.30,-.18) * PE_1 +
    mat4(-.35,-.28,-.07,-.47,-.00,-.03,.15,-.38,-.14,-.59,.59,-.04,.05,.41,.05,-.05) * PE_2 +
    mat4(-.05,-.75,-.24,-.71,.08,-.20,-.52,.04,-.80,-.52,-.06,-.27,.01,.07,-.23,-.66) * PE_3 +
    mat4(-.18,-.97,.44,-.13,-.33,-.46,-.29,.02,-.20,-.49,-.52,.30,.10,-.27,-.49,1.24) * PE_4 +
    mat4(-.56,.07,.89,-.81,.23,.06,.14,-.99,-.12,-.49,.51,-.39,.98,1.02,-.58,1.32) * PE_5 +
    mat4(-.40,-.55,.31,.65,.43,.19,.02,.35,.47,.15,.84,.48,-.24,.02,-.09,.59) * PE_6 +
    mat4(-.85,.81,-.13,.57,.92,-.20,.76,-.32,.14,-.17,-.02,.08,1.07,-.45,.64,-.05) * PE_7 +
    mat4(-.31,-.14,.05,.18,-.43,.21,-.27,.26,.53,.18,.05,.04,.38,.27,-.52,.14) * PE_8 +
    mat4(.20,-.22,.00,.41,.09,.05,-.01,-.06,.14,-.14,-.11,-.23,.00,.00,.00,.00) * PE_9 + vec4(-.00,.07,.00,-.35));
    vec4 f0_9 = relu(
    mat4(.24,-.27,-.18,-.16,-.14,.50,-.62,-.16,-.37,.24,-.04,-.56,.06,-.08,-.15,-.03) * PE_0 +
    mat4(-.06,.35,-.56,-.07,-.33,.17,-.06,-.52,-.43,-.38,-.25,-.14,-.34,-.16,-.30,-.45) * PE_1 +
    mat4(-.71,-.32,-.40,-.17,.22,-.11,.14,.09,.01,.35,-.59,.42,-.38,-.01,.34,-.27) * PE_2 +
    mat4(-.30,-.26,-.24,-.62,-.45,-.44,-.32,-.90,-1.50,-.67,-.08,.17,.02,-.38,-.00,.16) * PE_3 +
    mat4(-.25,.17,-.78,.73,.39,-1.03,1.34,.17,-.18,-.22,.96,-.81,-.36,-.08,.27,-1.01) * PE_4 +
    mat4(-.16,.18,.31,.82,-.23,-.11,.28,.03,.01,-.17,-.11,.21,-.08,.28,.70,.34) * PE_5 +
    mat4(-.03,.90,-.93,-.10,.05,-.50,-.20,.08,.12,.37,.89,.40,-.08,.01,-.06,.06) * PE_6 +
    mat4(-.31,.71,.36,-.62,-.66,-.35,.37,.94,-.95,.08,.06,-.30,-.58,.14,-.72,-.72) * PE_7 +
    mat4(-.40,.12,.31,.36,.31,.08,-.12,.03,-.80,-.26,.31,-.12,-.09,.17,-.49,-.25) * PE_8 +
    mat4(-.67,.09,.05,-.01,-.47,.83,-.05,.34,-.40,.01,-.09,.28,.00,.00,.00,.00) * PE_9 + vec4(-.29,-.06,-.21,-.02));
    vec4 f0_10 = relu(
    mat4(-.22,.33,-.80,-.13,-.58,-.02,-.31,-.24,-.96,.68,-.42,.59,-.03,.38,-.62,.07) * PE_0 +
    mat4(-.39,.15,-.23,-.34,-.53,.51,-.48,.62,-.09,-.35,-.37,-.31,-.27,-.15,-.04,-.23) * PE_1 +
    mat4(-.51,-.20,-.24,-.08,-.04,.01,-.20,.06,-.38,.35,-.41,-.53,.02,.49,-.14,.58) * PE_2 +
    mat4(.21,-.65,-.69,-.41,.26,-.30,-.35,-1.11,-.72,-.57,-.52,.06,.22,.13,.37,.25) * PE_3 +
    mat4(-.55,.78,-.39,-.22,.72,-.40,-.14,.02,1.12,-1.76,-.14,-1.31,.86,-.20,-.12,-1.44) * PE_4 +
    mat4(-.60,-.26,.20,.52,.01,-.33,-.43,.11,-1.05,.64,.18,-.15,.20,-.12,-.58,-.11) * PE_5 +
    mat4(-.55,.36,-1.08,-.03,.26,-.57,.89,.67,-.45,.38,.26,.32,-.03,.28,-.02,.36) * PE_6 +
    mat4(.36,.39,.25,.64,.28,.16,.51,-.15,.14,-.10,.38,-.40,-.31,.17,.02,.38) * PE_7 +
    mat4(-.17,-.15,.44,.50,.05,-.19,.51,-.04,-.02,.14,-.27,-.37,.18,.06,-.46,-.14) * PE_8 +
    mat4(-.02,-.12,.06,-.01,.08,-.10,-.24,-.17,-.08,-.10,.20,-.12,.00,.00,.00,.00) * PE_9 + vec4(-.14,-.02,.06,.12));
    vec4 f0_11 = relu(
    mat4(.65,-.52,.41,.46,-.24,.68,.20,.42,-.52,-1.01,-.11,.42,.42,-.29,.45,.17) * PE_0 +
    mat4(-.17,.18,-.08,.61,-.24,-.82,-.43,.28,-.12,-.27,-.20,-.15,-.54,-.36,-.21,-.26) * PE_1 +
    mat4(-.11,-.24,-.11,-.09,.03,.05,.23,.08,.12,-.00,-.04,.42,.01,-.53,-.49,-.06) * PE_2 +
    mat4(-.18,-.28,-.64,-.54,-.80,-.19,-.19,-.98,.16,-.26,-.15,.06,-.56,.34,-.30,-.22) * PE_3 +
    mat4(.25,-.03,-.44,-.13,.21,.57,-.77,-.48,.97,1.31,-.43,-.31,-.53,.77,.05,-.50) * PE_4 +
    mat4(.84,-.17,.14,.96,.27,-.18,.21,.23,-.04,-.38,-.40,.14,-.67,.39,.02,-.42) * PE_5 +
    mat4(-.69,-.63,.15,-.21,.33,1.01,.87,.43,-.35,-.26,-.28,-.01,-.01,-.16,-.38,.27) * PE_6 +
    mat4(-.50,-.35,.16,-.11,-.57,-.03,.68,-.50,-.29,.24,-.34,-.66,.94,-.63,-.85,.10) * PE_7 +
    mat4(-.35,.12,.19,.56,-.11,.07,.07,.34,.34,-.00,.09,-.24,-.18,-.00,.29,-.15) * PE_8 +
    mat4(.28,.16,.26,-.43,-.50,-.45,-.07,-.06,-.16,.46,-.10,.14,.00,.00,.00,.00) * PE_9 + vec4(.09,-.12,.06,-.13));
    vec4 f0_12 = relu(
    mat4(.12,.79,-.02,.37,.08,-.74,.08,-.07,.01,.55,.15,-.47,-.06,.38,-.04,.27) * PE_0 +
    mat4(-.01,-.60,-.26,.09,.13,.61,.28,-.23,.15,-.44,-.26,-.18,.16,-.26,-.37,-.34) * PE_1 +
    mat4(.11,-.12,-.35,-.67,-.04,.03,-.01,.54,-.19,-.75,-.49,-.02,-.09,.78,.03,-.02) * PE_2 +
    mat4(-.20,-.90,-.62,-.50,-.08,-.18,-.17,.07,.18,-.49,-1.22,-.74,-.20,-.79,-.83,.32) * PE_3 +
    mat4(-.01,-.33,-.69,.06,-.34,.32,-1.06,.63,-.55,-.68,-.11,-.39,.32,.87,.78,.76) * PE_4 +
    mat4(.83,-.24,-.14,-.60,.26,-.12,-.06,.56,.70,-.23,-.02,-.42,-.38,.38,-.57,.33) * PE_5 +
    mat4(.30,.03,-.95,1.64,.41,.10,.24,-.56,-1.06,.00,-.08,.06,.02,-.69,-1.09,-.57) * PE_6 +
    mat4(-.53,-.02,-.22,.62,-.32,.35,.35,-.24,-.14,.19,-.77,-.75,.53,-.68,.21,.76) * PE_7 +
    mat4(.11,-.52,-.64,-.36,-.20,-.38,-.01,-.02,-.14,-.31,.22,-.06,-.01,.17,.04,.08) * PE_8 +
    mat4(.26,-.17,-.43,-.60,.15,-.19,.04,.65,-.15,-.08,-.15,.20,.00,.00,.00,.00) * PE_9 + vec4(.17,.06,-.28,-.11));
    vec4 f0_13 = relu(
    mat4(.13,-.90,.25,-.45,-.09,.44,.30,.24,-.64,.67,-.29,-.29,.26,-.17,.20,-.18) * PE_0 +
    mat4(.13,.09,.40,.29,-.29,.67,-.11,-.30,-.43,-.48,-.35,-.05,-.19,-.14,-.40,-.28) * PE_1 +
    mat4(-.49,-.20,-.16,.00,.09,.20,-.17,-.15,.29,-.13,.34,.25,-.33,.58,-.02,-.11) * PE_2 +
    mat4(-.99,-.71,-.92,-.79,-.08,.06,-.63,-.77,-.69,-.92,-.23,.27,-.24,.71,.07,.51) * PE_3 +
    mat4(.56,-.42,.47,-.24,-.64,.20,-.44,-.24,.10,-.75,-1.59,-.90,.36,.34,-1.15,-.65) * PE_4 +
    mat4(-.13,-.33,.48,.41,-.04,-.14,-.11,-.02,-.14,.21,.05,-.68,.06,-.49,.60,-.19) * PE_5 +
    mat4(1.59,.14,.49,.01,-.03,-.60,.00,1.20,.00,.42,.04,-.95,.22,-.28,.44,.17) * PE_6 +
    mat4(1.05,.49,-.15,-.51,.15,.12,.38,-.43,-.99,.14,-.84,.03,.29,1.06,-.60,-.17) * PE_7 +
    mat4(-.23,.22,.32,.22,-.01,-.01,.07,.14,.26,-.11,-.05,.07,-.77,.13,.45,.12) * PE_8 +
    mat4(-.05,.06,-.08,-.26,-.24,-.48,.09,-.16,-.29,-.01,.10,.07,.00,.00,.00,.00) * PE_9 + vec4(.04,-.04,-.19,-.11));
    vec4 f0_14 = relu(
    mat4(-.37,-.13,.17,-.66,.36,.07,.23,.69,-.41,.12,-.47,.04,-.46,-.01,.14,-.60) * PE_0 +
    mat4(.52,-.05,.14,.42,-.45,.05,-.23,-.12,-.11,.07,-.29,-.40,-.23,-.42,-.29,-.14) * PE_1 +
    mat4(-.18,.10,-.49,-.33,-.39,.09,-.10,-.47,.34,.31,-.29,.38,-.50,.25,-.24,.14) * PE_2 +
    mat4(-.62,-.11,-.40,-.61,-.74,-1.12,-.63,-.43,.30,-.02,-.70,-.70,.02,.00,.26,-.30) * PE_3 +
    mat4(-.06,-.69,.21,.69,-.22,.68,-.48,-.55,1.23,.70,-.34,-.46,.34,-.72,-.77,.22) * PE_4 +
    mat4(.47,-.22,-.29,.47,-.25,.25,-.96,-.56,.40,.29,.30,.47,.42,-.76,.50,-.40) * PE_5 +
    mat4(-.04,-.48,.75,.05,.57,1.12,.33,-.36,.94,-.28,-.96,.14,.34,-.14,.23,.89) * PE_6 +
    mat4(-.15,-.41,.24,-.20,-.37,.46,.28,-.61,.16,-.04,.72,.41,.09,1.65,-.47,.39) * PE_7 +
    mat4(.08,.34,-.36,-.03,-.24,.01,.15,-.02,-.21,-.19,.45,.01,-.23,.01,.15,.13) * PE_8 +
    mat4(.06,-.02,-.46,.26,-.11,-.09,-.77,.28,-.46,.27,-.52,.33,.00,.00,.00,.00) * PE_9 + vec4(-.22,-.02,-.04,-.30));
    vec4 f0_15 = relu(
    mat4(-.02,.48,.10,.01,.09,.12,-.11,-.41,.90,-.04,-.23,-.23,.11,.16,.07,-.08) * PE_0 +
    mat4(-.19,-.08,.08,-.09,.81,-.10,-.26,-.30,-.33,-.01,-.34,-.38,.11,-.30,-.23,-.39) * PE_1 +
    mat4(-.23,-.24,-.61,-.24,.04,.08,.10,.05,.05,-.38,.19,.06,.13,.03,-.28,-.01) * PE_2 +
    mat4(-.91,.42,.52,.10,-.14,.29,.43,.06,-.31,-.66,-.18,-.29,.16,-.37,-.37,-.19) * PE_3 +
    mat4(.23,-.22,-.64,.39,-1.34,.19,-.56,1.42,-.72,1.59,1.52,1.28,-.26,1.35,1.36,.63) * PE_4 +
    mat4(.94,-.75,.32,-.08,-.10,-.02,.18,.22,1.05,.17,.28,1.14,.31,.19,-.59,-.54) * PE_5 +
    mat4(.11,-.31,-.49,-.84,.02,-.61,-.12,.50,.48,-.78,-.38,.70,-.13,.01,.03,-.00) * PE_6 +
    mat4(-.20,.11,-.25,-.28,-.13,.19,-.20,.74,.09,.01,-.08,.07,.49,.30,.29,-.29) * PE_7 +
    mat4(.37,-.30,-1.45,.38,.09,.02,-.20,-.08,.18,-.17,.03,.12,-.39,-.04,-.25,.14) * PE_8 +
    mat4(-.00,.04,.03,.13,.39,-.07,-.00,.03,-.13,-.17,-.25,-.16,.00,.00,.00,.00) * PE_9 + vec4(.16,-.19,-.35,-.26));
    
    vec4 f1_0 = relu(
    mat4(-.41,-.22,-.51,-.01,.19,-.29,.35,.16,-.19,-.24,.18,-.19,-.54,-.14,-.00,-.12) * f0_0 +
    mat4(.27,.46,-.09,-.31,.03,.46,-.10,-.11,-.06,.38,-.02,-.27,.50,-.40,-.26,.18) * f0_1 +
    mat4(1.49,-.86,.58,-.01,.30,.44,-.09,-.49,.54,-.17,-1.60,-.13,-.00,.36,-.60,-.08) * f0_2 +
    mat4(.49,-.63,.39,.50,.12,.10,-.37,-.36,.07,.23,-.60,-.85,.57,-.44,-.33,-.00) * f0_3 +
    mat4(.49,.36,.19,-.49,.13,.54,-.36,-.06,.42,-.23,.35,-.03,.10,.01,.91,.96) * f0_4 +
    mat4(.38,-.82,.14,.44,.49,.52,-.25,.07,.28,-.18,.38,.19,-.16,-.28,.65,-.71) * f0_5 +
    mat4(.16,-.40,-.23,.01,.47,-.83,-1.43,-.14,-.47,-.03,-1.20,.91,-.49,.20,-.28,.44) * f0_6 +
    mat4(1.17,-.48,-1.81,.16,.70,.12,-1.83,.13,.01,.42,-1.75,-.05,.50,-.44,-.44,-.01) * f0_7 +
    mat4(.29,-.01,-.15,.39,-.54,.44,-.84,.21,-.39,-.26,-1.49,.21,-.12,-.29,.12,.07) * f0_8 +
    mat4(.27,-1.45,.92,-.82,.34,-.47,.19,.16,.33,.70,-.38,-.18,.60,.35,.45,-.07) * f0_9 +
    mat4(1.35,.66,-.96,.14,.26,.10,.17,-.03,.32,-.10,.53,-.37,-.44,-.88,-.32,-.03) * f0_10 +
    mat4(.93,-.19,-.03,-.52,.49,.15,-1.91,-.00,.16,-.00,-.44,.34,.72,-.55,-.14,-.09) * f0_11 +
    mat4(-.29,-.06,-.46,.03,.61,.43,.15,-.17,.43,-.01,.74,-.14,.28,-.30,-.28,.03) * f0_12 +
    mat4(-.01,.07,-.03,-.03,.25,.30,-1.24,.22,-1.13,-.63,.27,-.15,.41,.26,.53,.05) * f0_13 +
    mat4(-.10,1.06,.36,.36,.41,.45,-.12,.44,-.46,-.90,-.34,.37,.13,.24,-.84,-.23) * f0_14 +
    mat4(.22,.35,-.14,.41,.44,-.02,-.06,.11,-.36,-.32,-.10,-.69,1.00,.09,-.50,-.03) * f0_15 + vec4(-.40,-.21,.18,-.07));
    vec4 f1_1 = relu(
    mat4(.31,-.16,-.02,.86,.55,-.12,-.20,.03,.21,.05,-.05,.64,-.03,-.06,-.16,.74) * f0_0 +
    mat4(-.81,-.09,-.51,-.54,-.69,-.06,.76,-1.70,.54,.06,.84,-1.10,-.41,-.01,.52,-.44) * f0_1 +
    mat4(.35,.08,.56,1.23,-.05,-.10,.01,-.48,-.82,.07,.37,.02,-.57,-.08,.88,-.17) * f0_2 +
    mat4(.45,-.15,-.10,.15,-1.44,-.09,.69,-.63,-1.52,-.15,.36,-.06,-1.70,-.05,.11,.25) * f0_3 +
    mat4(.02,-.13,.42,.23,.10,-.06,1.10,-1.58,-.62,-.01,.16,.56,-.88,.02,-.19,-.02) * f0_4 +
    mat4(-.50,-.08,.27,1.02,-.42,-.05,.22,-.35,-.80,-.08,-.03,.16,-.15,-.16,.94,-3.16) * f0_5 +
    mat4(.90,-.00,.45,-1.25,-1.36,-.15,.34,-1.01,.13,-.09,.99,-1.30,-.72,.06,.97,-1.69) * f0_6 +
    mat4(.18,-.08,.77,-.17,.19,-.14,.53,-.39,-.63,.01,.57,-2.30,-1.13,.01,.01,.75) * f0_7 +
    mat4(-.14,.02,-.02,.75,.01,-.08,.59,-1.26,.98,-.05,.29,.56,.04,-.11,.69,-.17) * f0_8 +
    mat4(-1.66,-.00,-.08,-.21,-.24,-.14,-.37,.62,-.10,-.15,1.08,-2.02,-1.22,-.06,.74,-1.12) * f0_9 +
    mat4(-1.03,.01,-.22,-.63,-.27,-.11,.92,-2.02,-.33,-.03,.65,-.33,.94,-.04,.75,-1.54) * f0_10 +
    mat4(.39,-.10,.42,-.64,-.32,.05,.77,-.65,-.27,-.16,.27,-.38,-.61,-.06,.20,-.67) * f0_11 +
    mat4(-.48,-.09,-.02,.36,-1.17,-.01,.89,-.76,-.05,.00,.41,-.21,.33,.05,.28,.09) * f0_12 +
    mat4(-.06,.02,.79,-.76,-1.01,-.02,-.14,-.01,.10,-.05,-.17,.64,.34,-.15,.00,-.40) * f0_13 +
    mat4(.54,-.02,.43,-.85,-.17,-.09,.72,-.95,.49,-.08,-.36,.81,.17,-.06,.61,.09) * f0_14 +
    mat4(.45,-.01,.78,-1.78,-.72,.00,-.49,-.29,-.27,-.13,-1.66,-.06,-.17,-.13,.26,-.47) * f0_15 + vec4(-.28,-.08,-.45,.36));
    vec4 f1_2 = relu(
    mat4(.05,.32,.28,-.54,-.22,-.31,-.74,.21,.14,-.31,.50,-.25,-.08,.02,.36,.00) * f0_0 +
    mat4(.09,-.30,-.65,.22,.27,.21,-.95,.17,.33,-.13,-.73,.36,.38,.39,-1.52,-.79) * f0_1 +
    mat4(.04,-.25,-.87,.65,.26,.00,-.04,-.03,.30,-.05,-.26,.09,.28,-.63,-1.69,.26) * f0_2 +
    mat4(1.12,-.21,-.82,.39,-.04,.22,-.72,-.07,.44,-.04,-.15,-.13,.27,-.02,-1.07,-.38) * f0_3 +
    mat4(.27,-.27,-.62,.12,-.44,-.28,-.25,-.46,-.49,.32,-.69,-.03,1.09,-.13,-.24,-.02) * f0_4 +
    mat4(.50,.01,.04,-.25,.24,-.02,-.84,-.23,-.12,-.59,-.36,.39,.60,.28,.05,-.03) * f0_5 +
    mat4(.45,.11,-.40,.36,.08,.36,-.41,.12,-.07,.15,-.70,-.07,.11,.08,-.26,-.62) * f0_6 +
    mat4(.85,-.12,-.46,-.17,-.40,.13,.23,-.62,-.07,-.03,-.57,-.40,.59,-.00,-1.01,-.10) * f0_7 +
    mat4(-.03,.07,.53,-.15,.55,-.31,-.16,-.05,.03,.15,-.39,-.08,1.63,-.09,-1.38,.72) * f0_8 +
    mat4(.02,.05,.34,.16,.35,-.04,-.89,-.01,.48,-.27,.15,.43,-.52,.16,-.85,-.09) * f0_9 +
    mat4(.74,-.19,-.65,-.17,.43,-.24,-.03,-.62,.00,-.42,.26,-.43,-.04,.18,-1.10,.58) * f0_10 +
    mat4(.41,-.23,.21,.14,.38,-.08,-.06,.64,-.02,.23,.35,-.47,.30,-.48,-.79,-.22) * f0_11 +
    mat4(-.37,-.09,.19,-.09,.23,-.37,-.63,.38,.24,.09,-1.85,.38,.29,.15,-.29,-.06) * f0_12 +
    mat4(.13,.20,-1.28,-1.24,.91,-.06,-1.25,-.02,.14,-.31,-1.83,.37,.62,-.02,-2.19,-.55) * f0_13 +
    mat4(-.41,-.99,.07,-.32,-.50,.09,-.66,.02,.58,-.04,.15,-.13,.73,.04,-.20,.26) * f0_14 +
    mat4(.80,-.28,-.77,.59,.14,.71,-1.65,.08,-.85,-.22,-.29,-.31,.06,-.20,-.77,.21) * f0_15 + vec4(-.14,.03,.37,.09));
    vec4 f1_3 = relu(
    mat4(.05,.11,-.43,.20,-.10,.27,.32,-.31,-.02,.37,.11,.21,-.27,-.01,-.19,.34) * f0_0 +
    mat4(-.22,-.75,.10,-.22,-.21,-.06,.34,-.35,-.03,.04,-.46,-.24,-.09,-.35,.18,.04) * f0_1 +
    mat4(.03,-.18,.75,.05,-.05,-.49,.22,-.36,-.06,.16,-.26,.05,.05,.17,.33,-.04) * f0_2 +
    mat4(-.09,-.14,-.18,-.78,.03,.13,.57,-.06,-.00,.19,.06,-.18,-.05,-.66,.50,-.98) * f0_3 +
    mat4(-.02,-.08,.33,.11,-.04,.32,.15,-.58,-.22,-.11,.03,-.01,-.08,.45,.97,.06) * f0_4 +
    mat4(.01,.10,.30,.09,-.23,.20,.42,.43,-.05,-.76,-.14,-.45,-.22,.63,-.03,.03) * f0_5 +
    mat4(-.09,.13,.43,-.48,-.09,.32,.47,.03,-.00,-.01,.34,.24,.01,.11,.31,.10) * f0_6 +
    mat4(-.01,.51,.20,-.01,-.10,-.93,.04,-.58,-.12,.04,-.10,.04,-.22,.31,1.00,.07) * f0_7 +
    mat4(.09,.21,.05,.29,-.14,.33,.07,.39,-.10,.38,.10,.40,.05,-.45,-.03,.24) * f0_8 +
    mat4(-.12,.20,.04,.05,-.19,-.68,-.02,.03,-.11,-.63,.24,-.23,-.11,-.48,-.45,-.20) * f0_9 +
    mat4(.00,.08,.35,-.11,-.04,.68,.47,-.09,.01,-.25,.20,.02,-.13,.14,.39,-.24) * f0_10 +
    mat4(-.12,-.27,.10,-.22,.03,.14,.05,-.40,-.12,.13,.25,.08,-.15,.13,.23,-.05) * f0_11 +
    mat4(-.19,-.11,-.33,-.06,-.20,.03,.29,.11,.06,.23,-.01,.45,.00,-.85,.14,-.61) * f0_12 +
    mat4(-.09,.37,-.11,-.43,-.14,-.02,.55,-.31,.02,-.37,.25,.10,-.14,.16,.54,.21) * f0_13 +
    mat4(-.16,.18,-.44,-.31,.15,.08,.25,-.31,-.19,.53,.53,.39,-.01,-.42,.23,-.53) * f0_14 +
    mat4(-.11,.16,.06,-.28,-.08,-.79,.62,-.51,-.12,-.03,-.01,-.69,-.06,-.60,.44,-.34) * f0_15 + vec4(-.20,-.23,-.32,.45));
    vec4 f1_4 = relu(
    mat4(-.05,-.88,-.04,-.26,-.51,.26,-1.80,-.37,-.03,.20,-.16,-.29,.28,-.10,.11,.22) * f0_0 +
    mat4(-.04,.15,-1.31,-1.14,-.19,.00,.58,-.60,-.14,.36,.56,.50,-.05,-.74,-.00,.42) * f0_1 +
    mat4(-.17,.57,-.16,-.32,-.67,-.23,.22,-.58,-.20,-.28,.49,.03,-.07,1.06,.67,-1.01) * f0_2 +
    mat4(-.17,.56,-.25,.30,-.28,.43,.33,-.13,-.24,-.26,-.15,-1.29,-.05,.23,-.19,-.91) * f0_3 +
    mat4(.26,-.11,.73,.05,.00,.02,-.32,.39,-.03,.47,-.65,-.45,.01,.84,-.32,.26) * f0_4 +
    mat4(.43,.12,-1.42,-.92,-.48,-.21,-.31,-.02,.13,-.25,-.01,-1.20,.17,-.55,-.52,1.04) * f0_5 +
    mat4(-.59,-.76,.19,-.23,-.58,.49,-.55,-2.55,-.55,.79,-.23,-.37,-.29,.49,.22,.17) * f0_6 +
    mat4(.10,.15,-.28,-.57,-.35,.09,.06,-.04,.17,-.14,.28,1.48,-.69,.35,-.59,-.67) * f0_7 +
    mat4(.15,.11,-.43,-.52,-.36,-.66,-.18,-1.17,.05,-.20,-.53,-.24,.01,.17,-2.19,1.09) * f0_8 +
    mat4(.16,.08,.03,.00,.11,.14,-.42,.18,-.10,-.11,.48,-.05,-.11,-.07,-.16,.68) * f0_9 +
    mat4(-.18,-.01,-.57,-.57,-.14,.25,-.40,-.13,-.25,.07,.10,.20,-.28,.43,-.64,.01) * f0_10 +
    mat4(-.34,.27,-.05,-.01,-.29,-.12,-.50,.09,-.06,.46,-1.50,.68,-.18,-.03,-1.20,.12) * f0_11 +
    mat4(.04,-.44,-.14,-.42,-.13,.64,-1.32,.10,.06,.34,.20,.39,-.56,.21,-.69,-1.74) * f0_12 +
    mat4(.32,-.03,.55,.05,-.83,.31,-.43,-1.17,-.15,.10,-.02,-1.59,-.02,-.16,-.30,-1.05) * f0_13 +
    mat4(.24,-.12,-.09,.23,-.45,.11,-.17,.03,-.46,.26,-.24,-.04,-.01,-.65,-.04,-.94) * f0_14 +
    mat4(-.05,-.01,.33,-.98,-.45,.06,-.14,-.40,.27,.11,.52,-.15,-.79,-.67,-.62,.41) * f0_15 + vec4(.36,-.11,-.00,-.17));
    vec4 f1_5 = relu(
    mat4(.03,.25,.05,-.28,.06,-1.05,-.03,-.64,.48,.41,-.13,-1.07,-.15,.44,-.10,-.33) * f0_0 +
    mat4(.52,-.83,-.02,-.11,-1.36,-.25,-.14,-.31,-1.07,-.21,.03,-.02,-.99,-.69,-.06,-.41) * f0_1 +
    mat4(.66,-.98,-.09,-1.37,.31,-.36,-.05,-.91,.40,-.41,-.13,-.88,.10,-.66,-.10,1.39) * f0_2 +
    mat4(-.09,-.30,.03,.39,1.23,.49,-.12,.31,-.01,-1.10,-.07,-.64,.69,-.28,.06,-.64) * f0_3 +
    mat4(-.16,-.34,.06,-.15,.54,.11,.00,1.00,.31,-.26,-.04,.10,.25,-.04,-.14,.56) * f0_4 +
    mat4(-.39,-.44,-.06,-.36,-.08,-.47,-.00,-.87,.76,-.96,-.01,-.74,.04,.47,-.05,-.35) * f0_5 +
    mat4(.14,-.28,-.03,1.07,-.19,-.08,-.02,.58,-.49,-.68,-.16,.51,-1.27,-.20,-.09,1.10) * f0_6 +
    mat4(-.15,-.64,-.12,.87,-.25,.09,.04,-1.42,.06,.35,-.13,-.52,-.92,-.38,-.09,.68) * f0_7 +
    mat4(.24,.55,-.03,-.02,-.44,-.52,.06,.48,-.17,-.06,-.16,.01,.39,-.42,-.09,-.02) * f0_8 +
    mat4(-.43,.84,.05,.43,-.01,-.30,.01,.30,-1.77,-.25,-.03,.52,-.72,.13,-.09,-.47) * f0_9 +
    mat4(1.19,-.59,.02,.08,-.23,.50,-.07,.10,-.35,-.40,.02,.58,-.38,.26,.00,-.19) * f0_10 +
    mat4(.12,-1.25,-.15,-.27,.08,-.06,-.09,.16,-.81,.63,-.10,-1.17,-.67,-.56,.05,.24) * f0_11 +
    mat4(-.36,.42,-.16,.48,.61,.31,-.01,-.91,-.09,-.89,-.08,-.10,-.51,-.60,-.07,.47) * f0_12 +
    mat4(-.48,.05,-.09,1.30,1.06,.11,-.07,.01,.73,-1.33,-.06,-.15,-.65,-.58,-.04,-.18) * f0_13 +
    mat4(.54,-.33,.01,-.78,.48,-.44,-.09,-.64,.07,.02,-.03,-.02,.67,-.48,-.15,-.74) * f0_14 +
    mat4(-.24,-1.11,.01,-.36,.22,-.62,.03,.26,-1.64,-.91,-.13,-.02,-.62,-.64,-.12,.37) * f0_15 + vec4(-.30,.53,.01,-.05));
    vec4 f1_6 = relu(
    mat4(.07,-.94,.16,.13,.08,.19,-.19,-.17,.00,-.32,.31,.16,-.37,-.24,.01,-.04) * f0_0 +
    mat4(-.45,.25,-1.73,-.40,.35,-.28,-.14,-.06,-.03,.24,-.16,-.56,.61,.19,-.09,-.01) * f0_1 +
    mat4(-.64,.42,-.54,-.69,.45,.26,-.09,.99,.38,-.22,-.12,.32,.08,-.18,.01,.44) * f0_2 +
    mat4(-.06,-.37,.01,.24,-.18,.27,.21,-.87,-.89,-.16,-.11,-1.34,-.27,-.04,.06,.14) * f0_3 +
    mat4(-.78,.51,-.33,-.24,.03,.47,-.14,.18,.16,-.15,.18,-.04,-.87,-.29,-.26,.46) * f0_4 +
    mat4(-.64,.27,.34,-.90,.58,-.01,.13,1.19,-1.13,.24,.09,-.32,.49,.09,.25,-.59) * f0_5 +
    mat4(.86,.42,-.87,-.58,-.97,-.00,.52,.02,-.38,.16,-.40,.46,.81,.29,.38,.14) * f0_6 +
    mat4(-.55,.30,.19,-.06,.11,-.06,.11,-.73,-.06,-.57,-.13,-1.14,-.28,.23,-.29,.63) * f0_7 +
    mat4(-.50,.25,-.25,-.40,-.54,.21,-.25,-.67,-.14,.52,.36,.53,.91,-.22,-.10,-.09) * f0_8 +
    mat4(.73,.40,.35,-.74,.12,.22,-.12,-.29,.31,.26,-.60,-1.64,-.32,-.71,-.08,.11) * f0_9 +
    mat4(-.00,.03,-.38,-1.77,.12,.65,-.55,.05,.37,.06,.09,.57,.13,.40,-.00,-.25) * f0_10 +
    mat4(-.24,.31,.01,-.28,.44,.06,.13,.59,.47,.36,-.10,-.05,-.99,.28,.04,-.08) * f0_11 +
    mat4(.32,-.18,.05,-.45,.22,.34,-.51,-1.35,-.08,.29,-.01,.61,-.36,-.05,-.65,.41) * f0_12 +
    mat4(.48,.23,-.08,.22,1.07,.75,1.08,.21,.74,.26,.45,-.18,.01,-.07,.46,.24) * f0_13 +
    mat4(.11,.37,-.64,.80,-.89,.07,.22,-.52,.01,.58,-.19,.01,.47,.13,-.27,-.62) * f0_14 +
    mat4(.07,-.26,-.47,-2.66,.79,-.06,.53,.72,.36,-.22,.01,-1.37,.90,-.22,-1.36,-1.42) * f0_15 + vec4(-.36,-.20,-.03,-.38));
    vec4 f1_7 = relu(
    mat4(-.08,-.29,-.41,-.02,-.31,.29,.19,-.31,.04,.13,.08,.25,.59,-.38,-.05,.41) * f0_0 +
    mat4(-.35,-.13,.05,.09,-.33,.11,-.52,-.53,-.21,.95,-.38,-.57,-.56,.53,-.25,-.90) * f0_1 +
    mat4(-.74,-.67,-.28,-.39,-.59,.25,-.15,-.12,-.41,-.41,.54,.06,-.38,-.12,.64,-.54) * f0_2 +
    mat4(-.24,.63,.43,.03,.12,.43,.43,-.71,-.11,-.03,.42,-.23,-.13,-.32,-.45,-.10) * f0_3 +
    mat4(-.42,.09,.12,-.01,-.15,-.55,-.33,-.44,-.30,.70,-.33,-.11,-.65,-.81,-.12,-.30) * f0_4 +
    mat4(-.36,.46,-.04,-.22,-.01,.03,.41,-.36,-.03,-.23,.17,-.33,.10,-.13,.31,-.33) * f0_5 +
    mat4(-.48,.72,-.19,-.64,-.72,-.91,.33,-.90,-.31,1.40,.73,-1.05,-.06,.44,.38,-.56) * f0_6 +
    mat4(-.38,.35,.34,-1.18,-.25,.36,-.44,.19,.07,.00,-.13,-.29,-.58,-.14,.48,-.82) * f0_7 +
    mat4(.48,.44,.04,.33,-.06,-.15,.11,-.54,-.17,.73,.22,-.60,-.39,.53,-.15,-.29) * f0_8 +
    mat4(.52,.47,-.14,.21,-.25,-.31,.17,-.32,-.20,.53,.27,-.12,-.07,.62,-.31,-.88) * f0_9 +
    mat4(-.35,-.27,.43,-.51,.37,.28,.31,-.06,.02,-.21,.33,-.21,-.26,-.05,.32,-.70) * f0_10 +
    mat4(-.06,.30,.23,.04,-.06,.30,.22,-.96,.25,.52,-.16,-.12,-.32,-.83,-.04,-1.27) * f0_11 +
    mat4(.26,.21,-.63,.16,-.29,.18,-.09,-.06,-.11,-.08,.32,-.32,-.25,-.80,.65,-.48) * f0_12 +
    mat4(-.43,.13,-.14,-.44,-.37,.02,-.06,-.89,-.57,-.02,-.12,-.71,-.40,.29,-.95,-.72) * f0_13 +
    mat4(.03,.29,-.62,.01,-.41,-.46,-.33,-.90,-.05,.28,.02,-.12,-.15,.04,.36,-.84) * f0_14 +
    mat4(.21,-.25,.78,-.20,-.88,.50,.65,-.77,.09,.10,-.77,.19,-.37,.65,-.01,-.71) * f0_15 + vec4(.74,-.09,.02,.49));
    vec4 f1_8 = relu(
    mat4(-.37,.27,.34,-.13,-1.20,-.07,.36,-.01,-3.13,.29,.21,.06,.17,-.07,.00,-.09) * f0_0 +
    mat4(-.20,-.20,-.62,-.05,-.74,.40,.09,-.13,-.75,-.56,.30,-.00,.05,.68,.55,-.05) * f0_1 +
    mat4(-.46,.95,-.39,.07,-.10,.34,.21,.05,-.57,-.00,-.08,-.08,.01,-.50,-.75,-.15) * f0_2 +
    mat4(-.25,-.03,-.41,-.01,-1.40,-.07,.35,-.16,-.25,.08,.12,-.13,-.23,-.00,.46,-.05) * f0_3 +
    mat4(-.85,.24,-.05,.07,-.33,-1.11,-.47,.06,-2.44,-.11,-.12,.04,-.87,-1.20,.36,-.05) * f0_4 +
    mat4(-1.93,1.34,.37,-.13,-.24,.98,-.02,-.01,-.67,.21,.00,-.07,1.44,-1.92,.18,-.13) * f0_5 +
    mat4(1.11,.60,-.42,.07,-1.01,1.07,.48,.04,.60,1.33,-.12,.05,1.03,-1.91,-.03,-.03) * f0_6 +
    mat4(.66,1.33,-.04,-.08,-1.09,-.67,-.61,-.12,.49,-.52,.00,-.07,.35,.06,.51,-.15) * f0_7 +
    mat4(.18,.01,-.01,-.01,.72,.09,-.83,-.04,.02,-.51,.30,.05,-.53,.04,.36,-.06) * f0_8 +
    mat4(.08,.45,-.48,-.15,-.61,-.66,-.25,.02,.69,.44,.26,-.15,-.01,1.16,-.03,.04) * f0_9 +
    mat4(-1.14,.50,.12,-.12,.78,-.17,.10,-.03,-1.08,.69,-.65,-.10,.65,-.27,-.38,-.05) * f0_10 +
    mat4(-.47,.11,.04,-.14,-.94,.02,-.12,-.00,.43,.14,.10,-.01,.08,-1.10,.13,.07) * f0_11 +
    mat4(.33,.12,-.67,-.09,.89,.03,-.38,-.07,-.62,.04,-.24,-.06,-.45,-1.06,.43,-.13) * f0_12 +
    mat4(-.26,.35,.15,-.05,-2.02,1.04,.84,.04,-.88,-.48,.26,.01,-.51,-.21,.26,-.02) * f0_13 +
    mat4(-1.38,.08,-1.04,-.17,-1.70,-.20,.17,-.12,-.35,-.17,.17,-.15,-.27,-.63,.19,.06) * f0_14 +
    mat4(.35,-.02,-.41,.02,-.75,.13,-.46,.02,-.92,.45,.29,-.11,-.95,.00,-.52,-.04) * f0_15 + vec4(-.14,-.62,-.09,-.14));
    vec4 f1_9 = relu(
    mat4(-.07,-.28,.68,-.14,.02,-.21,-.50,-.25,-.13,-.13,.49,-.48,-.09,.29,.99,-.08) * f0_0 +
    mat4(-.14,-.18,-.32,-.12,-.09,-.44,-1.80,.46,.06,-.26,-2.50,-.02,.00,-.29,-2.77,.24) * f0_1 +
    mat4(.03,-.62,-1.34,.06,.09,-.72,.01,-.16,.04,.14,-1.86,-.88,-.09,-.57,-1.70,-.60) * f0_2 +
    mat4(-.06,-.10,.24,.86,.00,-.42,-1.62,.22,.07,-.27,-1.05,-.55,.01,.11,-.39,-.89) * f0_3 +
    mat4(-.07,.15,-.54,.30,-.01,-.11,-1.86,.11,-.06,.41,-.27,.07,-.04,-.18,-1.09,-.97) * f0_4 +
    mat4(.00,-.51,-.15,.33,.03,-.60,-.22,-.28,-.12,.02,.27,.73,-.13,.22,-1.54,-.51) * f0_5 +
    mat4(-.04,-.33,-1.12,.64,-.11,-.55,-1.76,.50,-.15,-.65,-2.50,-.83,.09,-.20,-3.21,-.05) * f0_6 +
    mat4(-.06,-.62,-1.46,.67,.03,-.17,-.87,.21,-.03,.26,-2.54,-.09,-.10,-.69,-.23,.14) * f0_7 +
    mat4(-.15,.09,.58,.20,-.04,.05,-1.01,-.00,.05,-.37,.11,-.46,-.06,-.91,-2.32,1.24) * f0_8 +
    mat4(-.08,.03,.42,.05,-.05,-.57,-.26,.21,-.01,-.20,-2.49,.52,-.04,-.09,-1.63,-.20) * f0_9 +
    mat4(-.01,-.28,-1.52,-.05,-.01,-.19,-1.33,.35,-.02,-.90,-.01,-.62,-.12,.01,-1.59,.28) * f0_10 +
    mat4(-.12,-.30,-.32,.29,-.03,-.18,-2.06,.35,-.07,-.18,-.03,.30,-.06,.02,-.80,.18) * f0_11 +
    mat4(.01,-.01,.34,.09,-.15,-.62,-1.08,.49,.05,-.05,-.73,-.09,-.14,-.59,-1.37,-.64) * f0_12 +
    mat4(-.09,-.08,-1.88,.36,.01,-.85,-1.56,.66,.03,-.49,-.28,-.27,.02,-.36,-.53,-.09) * f0_13 +
    mat4(-.14,.32,-1.54,.22,-.15,-.50,-1.46,-.30,.01,-.35,.16,.05,-.15,-.50,-1.08,-.16) * f0_14 +
    mat4(-.09,.01,-1.42,-.11,.01,-.65,-.62,-.85,-.10,-.16,-.87,-.16,.02,-.60,-1.48,-.11) * f0_15 + vec4(-.15,.40,.72,-.36));
    vec4 f1_10 = relu(
    mat4(-.72,.32,-.27,-.03,-.39,-.26,-.18,-.16,-.24,.73,-.38,-.12,.07,-.26,.02,-.11) * f0_0 +
    mat4(-.23,.64,.14,-.03,.57,-2.19,.11,-.09,.35,.12,.43,-.05,.23,1.25,.22,-.16) * f0_1 +
    mat4(.07,1.18,.17,.05,.10,.14,.16,-.07,-.10,.14,.12,-.02,-.51,-.58,.38,-.12) * f0_2 +
    mat4(.03,-.46,.04,-.12,.61,-.25,-.07,-.15,.16,-2.03,-.02,-.11,.28,.46,-.05,-.14) * f0_3 +
    mat4(-.04,-.35,.19,-.14,.24,-.87,.26,-.02,-.23,.19,-.60,.05,-.27,.66,.33,.04) * f0_4 +
    mat4(-.05,-.04,-.60,-.16,-.15,.48,-.13,.02,.08,-.96,.04,-.08,.15,-1.35,-.27,.02) * f0_5 +
    mat4(.37,-.59,.24,-.15,-.62,.37,.43,.07,-.44,-.65,.04,.07,-.10,-3.47,-.04,.01) * f0_6 +
    mat4(-.44,-.20,-.15,-.03,-.37,-.32,-.07,-.09,-.10,-.64,.12,-.14,.07,.84,-.25,.02) * f0_7 +
    mat4(-.18,-.38,-.25,-.15,.05,.76,.57,.05,.20,.10,.23,-.15,-.09,1.02,.71,.04) * f0_8 +
    mat4(-.13,-.59,-.05,-.16,.16,.36,-.19,-.03,.45,-1.98,-.08,-.08,.20,-1.67,-.00,-.01) * f0_9 +
    mat4(-.25,-.26,-.34,-.00,-.06,-.36,-.10,-.12,-.19,-1.64,.12,-.08,.10,.21,.15,-.07) * f0_10 +
    mat4(.14,.01,-.34,.05,-.90,-.48,-.35,-.13,.20,-.37,.16,.00,-.11,-.78,.15,-.07) * f0_11 +
    mat4(-.68,-.16,-.01,-.02,.94,-.17,-.32,-.11,.49,-.42,.00,-.13,.21,-1.19,.54,-.01) * f0_12 +
    mat4(.00,.47,.42,-.14,.35,.10,.13,-.07,.04,-.18,-.41,-.06,.22,.37,-.75,-.06) * f0_13 +
    mat4(-.07,-.13,-.16,.00,-.52,-.94,.11,.07,.07,.47,-.01,-.09,.04,-.44,-.03,.07) * f0_14 +
    mat4(-.04,.20,.27,-.03,.41,.41,-.36,-.02,-.04,.56,.06,-.09,.04,.07,-.19,-.06) * f0_15 + vec4(-.16,-.32,-.09,-.16));
    vec4 f1_11 = relu(
    mat4(-.84,-.88,-.56,-.13,-.32,.41,-.52,-.10,-.02,-.21,-.51,-.47,-.71,-.38,.08,-.17) * f0_0 +
    mat4(.38,-.19,-.19,-.25,-.86,-.24,-.06,.58,.68,.31,-.46,.01,.20,-.73,.72,.64) * f0_1 +
    mat4(.85,-.23,.34,.53,-.68,-.09,.88,.37,-.24,.11,-.09,.29,-.62,.66,.49,-.35) * f0_2 +
    mat4(-.87,.30,-.01,.18,-.21,.17,-.08,-.15,.37,.02,-.21,.33,.06,-.08,1.48,-.71) * f0_3 +
    mat4(.33,-.63,-.42,.02,-1.71,-.28,-1.17,.08,.43,-.18,.18,-.12,.39,.01,-.36,-.24) * f0_4 +
    mat4(-.32,.48,-.39,.25,.76,.33,.01,.59,-.88,-.29,.42,-.04,-.18,.35,.23,.89) * f0_5 +
    mat4(-.13,.27,-.16,.05,-.92,.24,.03,-.49,-.60,.81,.13,.58,1.25,.34,.59,.04) * f0_6 +
    mat4(-.66,.12,-.99,1.05,.30,.70,-1.54,-.18,.00,-.17,1.17,-.35,.18,.00,-2.28,.54) * f0_7 +
    mat4(-.19,.30,-.56,.08,-.81,-.44,.12,.94,.19,.44,.10,.13,-.63,-.07,.24,.24) * f0_8 +
    mat4(-.01,.25,-1.12,-.26,-.23,.18,-.17,-.01,.32,.36,-.06,-.62,-.39,.18,1.14,-.36) * f0_9 +
    mat4(-.44,.26,-.40,.74,-1.30,.23,-1.14,-.86,-1.66,.16,-.77,.40,.50,.17,-.08,.73) * f0_10 +
    mat4(.31,.30,.30,.02,-.49,.72,-.99,.39,.48,.40,-.21,.15,-1.47,1.07,-2.38,.75) * f0_11 +
    mat4(.41,.11,-1.44,.22,-1.11,.74,.10,.20,-.18,-.07,.57,-.75,-.82,.09,1.19,.25) * f0_12 +
    mat4(-.65,.47,.28,.68,.18,-.38,-3.17,.26,-.71,-.26,-.89,-.81,.61,-.44,-.81,-.54) * f0_13 +
    mat4(-.30,.37,-.71,-.00,-1.74,-.16,-.79,-.50,-.07,-.08,-.12,.54,.17,-.24,.13,.37) * f0_14 +
    mat4(.66,-.41,.41,.16,-.00,.47,-.38,.30,-.04,-.09,-1.13,-.65,-.88,.54,-1.05,-.08) * f0_15 + vec4(-.28,-.22,.24,-.17));
    vec4 f1_12 = relu(
    mat4(-.48,.00,-.08,.10,.67,.52,-.09,-.82,.12,.57,-.01,.08,-.31,-.27,-.04,.45) * f0_0 +
    mat4(.64,.11,-.07,-.55,-2.01,.34,-.01,-1.33,-.43,-.03,-.09,-.55,.10,.33,-.07,-.71) * f0_1 +
    mat4(1.00,.19,-.16,-.58,-.46,-.19,.04,-.20,-.83,-.12,-.07,-.49,.31,.08,-.02,-1.24) * f0_2 +
    mat4(-.11,-.32,.05,-.78,.68,.45,-.06,-.06,.15,-.80,.02,.01,-.83,-.31,-.11,-.18) * f0_3 +
    mat4(.40,.33,-.16,-.88,.02,-.37,-.14,-1.95,.05,.35,-.11,-.19,.30,.19,-.02,-.24) * f0_4 +
    mat4(.96,.17,-.10,.23,.50,-.12,-.05,-1.02,-.95,-1.40,-.09,-.28,-.09,-.11,.07,-.04) * f0_5 +
    mat4(-1.87,.00,-.07,-.80,-.37,-.59,-.11,-1.05,-.61,.14,-.09,-.69,-.13,.27,-.15,-.95) * f0_6 +
    mat4(-2.54,.09,-.04,-1.03,.55,.12,.03,-1.11,-1.99,-.36,-.01,-.83,.68,.36,.02,.24) * f0_7 +
    mat4(-.64,.22,-.05,.16,-.07,.00,-.03,-.16,-1.15,.54,-.11,.02,-.40,.23,-.12,-.68) * f0_8 +
    mat4(-2.32,-.22,.04,.10,.57,.08,-.01,-.44,1.97,.19,-.14,-.98,-1.22,-.15,-.07,-.79) * f0_9 +
    mat4(.40,.02,-.12,-1.47,-.43,.40,.03,-.18,-1.04,.30,-.10,.16,-.13,.49,-.04,-1.42) * f0_10 +
    mat4(.04,-.13,.02,.03,-.20,.08,-.06,-.84,-.98,.77,-.12,-.12,.70,-.04,-.12,-1.99) * f0_11 +
    mat4(.38,-.46,-.08,.12,.57,.05,-.04,-.93,-.08,.12,-.16,-.10,-.74,-.34,-.06,-.99) * f0_12 +
    mat4(.47,-.99,-.07,-.45,.32,.92,.00,-.72,.80,.22,-.03,-.30,-1.46,.47,-.12,-.46) * f0_13 +
    mat4(.40,-.27,-.06,-1.81,-.30,.25,.04,-1.13,.56,.40,-.10,.13,.12,.02,-.11,-.68) * f0_14 +
    mat4(.19,.37,-.14,-.05,.11,-.09,-.08,-.78,.02,-.18,-.18,-.01,.71,.02,.06,-.74) * f0_15 + vec4(.29,-.07,.00,.48));
    vec4 f1_13 = relu(
    mat4(.18,-.40,-.05,-.17,.16,.02,-.07,-.14,-.20,-.92,-.09,-.03,-.24,.16,-.09,-.32) * f0_0 +
    mat4(.47,-.22,.01,-.13,.02,.05,-.13,-.05,-.14,.33,-.03,-.07,.68,-.02,.01,-.06) * f0_1 +
    mat4(.45,.42,.01,-.04,.20,-.47,.02,.06,-.09,-.42,-.04,.05,.53,.19,-.01,-.05) * f0_2 +
    mat4(.41,.01,-.02,-.12,-.06,-.70,-.02,-.13,.03,.20,-.01,-.18,.10,-1.42,.07,.01) * f0_3 +
    mat4(-.10,-.59,.07,-.10,.75,1.10,-.05,-.04,.12,-1.15,.03,-.20,.45,.20,.07,.16) * f0_4 +
    mat4(.18,-1.77,-.13,-.15,-.67,.55,-.02,-.12,-.04,-1.31,-.07,-.18,-.17,-1.64,-.16,-.03) * f0_5 +
    mat4(-.29,.34,.06,-.08,.26,-.13,-.11,.03,.06,.09,-.10,.04,-.55,-.91,-.08,-.16) * f0_6 +
    mat4(.42,-.75,.04,-.10,.35,.31,-.15,-.02,-.21,.42,.08,-.17,-.29,.22,-.06,.06) * f0_7 +
    mat4(-.24,-.89,-.15,-.23,.44,.62,.01,-.02,-.30,-.25,.11,-.16,1.04,-2.06,-.12,.05) * f0_8 +
    mat4(-.52,-.25,-.12,-.16,-.08,-.49,-.14,.06,.46,.29,-.03,.00,.53,.59,-.14,-.09) * f0_9 +
    mat4(.12,-.23,-.02,.24,.38,-.66,-.10,-.13,.25,-.06,-.12,.04,-.12,-1.86,.01,-.02) * f0_10 +
    mat4(.55,-.32,-.10,.02,.24,-.04,-.01,.03,-.04,-.92,-.09,-.08,.31,-.84,.05,-.03) * f0_11 +
    mat4(-.03,-.13,-.09,.00,.55,.87,-.00,-.15,.25,.41,-.03,-.02,.13,-.45,-.03,.14) * f0_12 +
    mat4(.14,.13,-.16,-.06,.53,.54,-.14,.27,-.10,-.79,-.04,-.04,-.28,-1.40,-.11,-.23) * f0_13 +
    mat4(.13,.36,-.03,.01,-.01,-.28,.07,-.10,-.36,-.25,-.13,-.07,.12,-1.09,-.10,.27) * f0_14 +
    mat4(.29,.53,-.10,-.18,.13,-.19,-.09,-.17,.02,-1.03,-.12,-.15,.24,.51,.02,-.03) * f0_15 + vec4(-.07,.08,-.10,.02));
    vec4 f1_14 = relu(
    mat4(.05,-.05,.49,.63,-.00,-.17,.01,-.58,-.16,.02,.33,.20,-.16,-.05,.70,.64) * f0_0 +
    mat4(-.03,-.14,.27,-.22,-.02,-.04,-.48,-1.72,.01,-.17,-1.00,-1.27,-.09,-.12,-.87,-2.10) * f0_1 +
    mat4(-.01,-.10,-1.18,-1.00,.09,-.13,-2.03,-.68,-.04,.03,-1.02,-1.02,-.02,-.05,-1.55,-1.71) * f0_2 +
    mat4(-.03,.03,.21,-1.13,-.13,.02,-.50,-.71,-.01,-.07,-1.57,-.25,-.01,-.07,.14,-.66) * f0_3 +
    mat4(-.01,-.09,-1.61,-1.04,-.08,-.08,-1.14,-1.16,-.06,.07,.55,.34,-.00,-.04,.15,-.47) * f0_4 +
    mat4(-.06,.04,-.41,-.14,-.13,-.05,-.20,-.62,-.10,.04,.45,-.09,-.13,-.14,-.79,-1.51) * f0_5 +
    mat4(.06,.05,-1.31,-1.95,-.04,-.05,-2.00,-2.52,.06,.03,-1.89,-1.73,-.11,.06,-1.62,-2.04) * f0_6 +
    mat4(-.07,.02,-2.54,-.75,-.16,.05,-1.36,.17,.03,.05,-.82,-.33,-.02,-.07,-.10,-.21) * f0_7 +
    mat4(-.08,-.04,.30,.58,-.07,-.07,-.90,-.92,-.00,-.03,-1.66,-.47,.00,-.10,-.91,-1.60) * f0_8 +
    mat4(-.09,.04,.42,-.09,.08,-.13,-.25,-.21,.03,-.09,-1.14,-1.20,-.09,-.01,-.87,-1.58) * f0_9 +
    mat4(.02,-.04,-.72,-1.29,-.06,-.15,-.59,-1.67,.07,-.17,-1.91,-.22,-.09,.04,-1.83,-1.46) * f0_10 +
    mat4(-.04,.03,-.97,-.64,.02,-.11,-.54,-.52,.07,-.16,.06,-.17,-.03,.05,-.34,-.31) * f0_11 +
    mat4(-.02,-.16,.06,.35,.02,-.12,-2.34,-2.37,-.08,-.07,-.25,.34,-.11,-.09,-.82,-1.37) * f0_12 +
    mat4(.07,-.18,-.46,-.21,-.06,-.13,-1.92,-1.94,.02,-.11,.22,-.00,-.02,-.11,-.32,-.50) * f0_13 +
    mat4(.04,.06,-2.04,-1.17,-.07,.04,-1.15,-1.05,-.05,-.02,.37,.13,-.01,.03,-.75,.02) * f0_14 +
    mat4(.08,.04,.24,-1.19,.03,-.14,-.88,-1.03,-.02,-.02,-.99,.66,-.05,-.00,-1.62,-1.74) * f0_15 + vec4(-.16,-.08,.64,.86));
    vec4 f1_15 = relu(
    mat4(-.28,-.10,.02,-.02,-.65,-.01,-.03,.03,.71,.06,-.15,.03,-.28,-.10,-.09,-.11) * f0_0 +
    mat4(-1.14,-.11,-.12,.06,.51,.04,.00,.02,.67,-.00,.06,.02,-.04,.05,-.04,.04) * f0_1 +
    mat4(.33,-.13,-.07,-.09,-.38,.03,-.07,-.04,.23,-.05,-.12,.07,-.14,-.08,-.13,-.04) * f0_2 +
    mat4(-.05,-.14,-.16,-.13,-.06,.00,-.02,-.15,-.00,-.15,.04,-.11,-.46,.02,-.02,-.15) * f0_3 +
    mat4(-.01,-.14,.03,-.11,-.31,-.09,-.14,-.09,-.23,-.14,-.16,-.05,-.11,-.01,-.11,.03) * f0_4 +
    mat4(-.05,-.14,-.11,-.15,.29,-.04,.04,-.10,-.25,.07,-.12,-.14,.50,.01,-.02,-.02) * f0_5 +
    mat4(.68,.05,-.13,.03,.11,-.12,-.11,-.08,.02,-.05,.04,-.11,.26,-.09,.05,.06) * f0_6 +
    mat4(.20,-.15,.01,-.17,.53,-.15,-.09,-.08,-.67,-.11,.02,-.01,.63,-.11,-.09,-.02) * f0_7 +
    mat4(-.34,.01,-.08,-.10,.32,.00,-.01,-.03,.21,-.03,.01,.04,.53,-.06,-.13,-.14) * f0_8 +
    mat4(.21,-.02,-.14,-.02,.29,.07,-.17,-.17,.27,-.03,-.00,-.13,.19,-.09,-.08,-.06) * f0_9 +
    mat4(.18,.01,-.04,-.04,.02,-.09,.01,-.06,-.33,-.10,-.17,.01,.55,.02,.06,.04) * f0_10 +
    mat4(.35,.04,-.03,-.04,-.39,.05,-.01,-.12,.55,-.16,.01,-.12,.29,.06,-.03,-.11) * f0_11 +
    mat4(-.27,-.10,-.14,-.07,.20,.00,.07,-.07,.23,-.16,-.11,-.03,.76,.06,.06,-.13) * f0_12 +
    mat4(-.88,-.08,-.03,.01,.55,-.09,-.12,-.08,.09,-.15,.05,-.11,.15,-.16,-.12,.06) * f0_13 +
    mat4(.48,-.07,-.06,-.15,.11,-.03,-.13,-.06,-.03,-.02,-.09,-.11,.20,-.13,-.02,-.04) * f0_14 +
    mat4(.64,.06,-.15,-.17,.41,-.16,-.06,-.09,-.08,-.15,-.12,.02,-.09,-.05,.00,-.03) * f0_15 + vec4(-.18,-.02,-.00,-.03));
    
    float out0 = dot(f1_0, vec4(-.65,.23,-.10,.26)) + dot(f1_1, vec4(.73,.03,.06,-.14)) + dot(f1_2, vec4(-.30,-.13,.34,-.08)) + dot(f1_3, vec4(.09,-.16,-.06,-.03)) + dot(f1_4, vec4(-.07,-.20,.06,.57)) + dot(f1_5, vec4(-.11,.51,.05,-.36)) + dot(f1_6, vec4(-.46,-.10,.25,.51)) + dot(f1_7, vec4(.16,-.31,-.28,-.11)) + dot(f1_8, vec4(.62,-.21,.03,.01)) + dot(f1_9, vec4(.04,.14,-.02,-.49)) + dot(f1_10, vec4(.02,.21,-.21,-.08)) + dot(f1_11, vec4(.74,-.48,-.39,-.25)) + dot(f1_12, vec4(.34,-.30,.07,-.03)) + dot(f1_13, vec4(-.01,-.44,-.01,.04)) + dot(f1_14, vec4(-.09,.03,-.01,-.09)) + dot(f1_15, vec4(-.41,.06,.02,.04)) + .20;
    float out1 = dot(f1_0, vec4(-.64,.42,.05,-.01)) + dot(f1_1, vec4(.48,.00,-.10,-.11)) + dot(f1_2, vec4(-.26,.16,.23,.12)) + dot(f1_3, vec4(-.11,.18,-.20,-.14)) + dot(f1_4, vec4(.04,-.04,-.17,.40)) + dot(f1_5, vec4(-.01,.30,.05,-.46)) + dot(f1_6, vec4(-.45,-.29,-.01,.53)) + dot(f1_7, vec4(.19,-.09,-.07,.09)) + dot(f1_8, vec4(.63,-.29,-.22,.00)) + dot(f1_9, vec4(-.03,-.01,-.03,.08)) + dot(f1_10, vec4(.17,.08,.12,-.04)) + dot(f1_11, vec4(.73,-.34,-.24,-.37)) + dot(f1_12, vec4(.44,-.21,-.17,.01)) + dot(f1_13, vec4(.24,-.51,.08,-.05)) + dot(f1_14, vec4(.02,-.08,-.05,-.11)) + dot(f1_15, vec4(-.38,.02,.05,.06)) + .37;
    float out2 = dot(f1_0, vec4(-.50,-.05,.08,-.28)) + dot(f1_1, vec4(.65,.04,.08,-.14)) + dot(f1_2, vec4(-.19,-.11,.19,-.20)) + dot(f1_3, vec4(.12,-.24,-.16,.08)) + dot(f1_4, vec4(-.08,.07,-.08,.10)) + dot(f1_5, vec4(.24,.49,-.03,-.48)) + dot(f1_6, vec4(-.46,-.29,-.23,.40)) + dot(f1_7, vec4(.04,-.03,.00,.01)) + dot(f1_8, vec4(.80,-.19,-.11,-.03)) + dot(f1_9, vec4(-.03,-.08,.03,-.04)) + dot(f1_10, vec4(-.25,.05,.08,.07)) + dot(f1_11, vec4(.39,-.33,-.29,-.28)) + dot(f1_12, vec4(.24,-.29,.07,.07)) + dot(f1_13, vec4(-.19,-.38,-.07,.02)) + dot(f1_14, vec4(.04,.02,-.07,-.13)) + dot(f1_15, vec4(-.46,-.15,-.10,-.03)) + -.14;
    float out3 = dot(f1_0, vec4(-.31,-.14,1.29,-.07)) + dot(f1_1, vec4(.84,.01,-1.39,1.13)) + dot(f1_2, vec4(-.01,.04,1.81,-.13)) + dot(f1_3, vec4(.04,.14,-.12,.88)) + dot(f1_4, vec4(.49,-.33,1.05,-.51)) + dot(f1_5, vec4(-1.60,1.14,.10,.08)) + dot(f1_6, vec4(-.27,.01,-.13,.67)) + dot(f1_7, vec4(.94,-.13,-.33,1.27)) + dot(f1_8, vec4(-.93,.16,.23,.02)) + dot(f1_9, vec4(.12,.71,7.67,-.06)) + dot(f1_10, vec4(.04,-1.60,.06,.07)) + dot(f1_11, vec4(.82,-.19,1.26,.11)) + dot(f1_12, vec4(-.20,.21,.08,2.32)) + dot(f1_13, vec4(.03,-.09,.01,.55)) + dot(f1_14, vec4(.07,-.02,5.68,3.80)) + dot(f1_15, vec4(.24,-.03,.04,.07)) + .85;
    return vec4(out0, out1, out2, out3);
}
